           jour  clearMin  clearMax  clearMoy  clearMed  dirtyMin  dirtyMax   dirtyMoy  dirtyMed
194  2023-03-14     3.200     3.200  3.200000     3.200       5.6       5.6   5.600000       5.6
195  2023-03-17     1.465     1.465  1.465000     1.465       0.0       0.0   0.000000       0.0
196  2023-03-24     3.065     3.065  3.065000     3.065       4.9       4.9   4.900000       4.9
197  2023-03-27     0.665     0.665  0.665000     0.665       0.0       0.7   0.603680       0.7
198  2023-04-01     1.200     8.665  5.754693     8.665       2.1      15.4  10.214858      15.4
199  2023-04-02     0.665     0.665  0.665000     0.665       0.0       2.1   0.722486       0.0
200  2023-04-03     1.865     1.865  1.865000     1.865       1.4       1.4   1.400000       1.4
201  2023-04-04     0.000     0.000  0.000000     0.000       7.7       7.7   7.700000       7.7


